# Created by Octave 3.8.1, Sat Apr 04 12:32:12 2015 EDT <quamar@quamar>
# name: data
# type: matrix
# rows: 3
# columns: 10
 6.021068688581237 3.614229798996583 5.023019654555726 3.796852034249323 2.353729089512715 8.602298666397806 7.917520627139359 5.950135713092758 8.995663767712315 2.113830493295254
 9.520366726862205 6.410911109354188 7.575620924615167 6.561927356935467 3.886817388876392 3.644449872427198 7.977115696719786 2.205767099534452 2.168394475110629 7.565455972637193
 4.267321374006722 9.818780276684903 6.694644214704416 2.314467718364686 2.527287842166591 0.02169802121839304 2.566836884229899 4.496373268577632 2.686173864117333 2.518953739144326


