# Created by Octave 3.8.1, Sun Apr 05 02:01:43 2015 EDT <quamar@quamar>
# name: inputData
# type: matrix
# rows: 8
# columns: 100
 -0.5949615949632552 0.6050233247915401 -0.01796841624478474 0.0619440202177423 -0.5351313209732281 -0.4644129138470346 -0.5431400620413798 0.02488948210976548 0.2739229468603371 0.66238932825049 1.412875374617523 -0.8972427666624342 -0.1791607747344206 0.4911767457327945 -0.2988114136114077 1.184538725247195 0.6209331786077309 0.7679591727529298 -1.270172196233376 -0.2437430088814459 1.013319383365297 0.181243826407265 0.4624897850748801 -0.117815171812701 0.8232606085124387 -0.6772593376505147 2.548918588164534 -0.7145698986575338 0.9684663690734081 0.4948880143949813 0.7319405794405019 -0.9073041374227971 -0.2797917837989827 0.8805224225250637 0.2597456366860288 0.9491955422524042 -0.8333873607956106 0.1986042639710925 -0.1071537119458705 0.2953542740580186 1.607984949607944 1.811789397649501 -0.7479678480284843 1.908773149949555 2.256648427266678 0.2904982179271391 -0.3246107356932787 -0.7055798231824073 1.233218665632514 0.6189047112195402 -0.1054546573768795 -0.7167410064326895 -0.7896378228328121 -0.9182193923908476 0.1559502550831871 -0.425836251451097 0.9128336457585303 -1.09063833952582 0.06376492349762394 -0.4103309690017031 1.418738249961334 0.3189562367663222 0.2909210149315034 0.5089368230644348 1.823937419127455 -0.4446904402673538 -1.886093537281834 -0.4995553306750319 -1.065125843804417 -1.099915718641439 0.3229592676367351 0.553891497781855 -0.05492522969460108 -0.8508101221591565 -0.01643377493529373 0.03934975905991173 -0.2027417025033779 0.440193103260463 -0.1821685154042411 -0.6850317331494304 -0.08823302871916956 0.1191733951810159 1.906308741304118 -0.02644112279166526 0.4663183737345741 1.236909032608696 0.5873424574120865 -1.898872120295687 0.374001168686525 0.2229388765429535 1.426092238575501 1.341691413488043 0.2803022886379845 1.74562421803147 -1.432877770465774 0.8227176891941549 -0.1743031189750903 1.633112228273738 0.2305679515107983 -0.02664999331268466
 -0.5710497602199691 -1.364333103902732 0.07851958185391945 1.880580782541062 0.847568572165984 0.9733767589279939 0.8907789586697276 -1.540351144780763 1.541107927801007 0.09664417737316026 -0.140695701308777 -0.7300348845891248 1.512441138403785 -1.589218510378415 0.665719521159446 -0.3816176818142437 -0.5267463708032569 0.7647027755773131 1.398656183006678 -1.359979826791835 0.6661892581419439 -0.80394641946109 0.1545831332104313 0.1386448981344908 -2.004681499753531 -0.08689181907354537 -0.1378919783240981 -1.375527988224101 0.4900555695558625 -1.005065281167278 0.5341038387012527 -1.489181929574093 -0.7691180585613328 -1.832291318363101 -0.1562082380787695 0.5767537379929623 -0.09156343828436178 -0.4491394519626614 -0.5559049121372207 -0.5186011953409869 -0.751003294334367 -0.9328981511519254 1.800155248419098 -0.9935518247071079 2.226933350916343 0.3371977151254479 -0.6277611685585962 1.457845735031647 0.1733948961005956 -0.914531827662907 -0.5801905273664777 -0.7875415695301935 0.4335782492418072 -0.8177861591581348 2.635043300123243 -2.036005161480171 0.06196696816469881 -0.5015726457553576 0.7180037166061765 -0.5391509396335847 -0.2183554243335891 -0.2841913118541862 1.885964056739467 1.668302094846158 -0.4958983768508201 -0.7122744236113635 -1.37501525170893 -0.02142525913688219 1.679954310320471 -0.8177831606192674 -0.2024719064870406 0.5003446830282078 -1.051310477735258 0.1270583323363306 0.3654568498510136 -0.7821506793855946 -0.1942502149271339 0.8280401018573109 0.549616043935979 -0.4282431650010247 -0.9862536635774807 1.196330987789213 -1.92018744124215 -1.970524706384408 1.707852209776443 -0.991454386585443 -0.5315483888499729 0.6371864851314719 1.109154187215547 -1.448473783459304 -0.8682511674088149 -1.120210905778327 1.440681937708305 0.6580378063133141 -1.632025130007507 1.23967805801191 -0.1815483293003109 1.544875858515024 1.025138282577276 0.1921455940179584
 0.3614905758464553 -1.829736950494501 0.1147780833764655 0.2071021997592573 -0.01975678468379599 -0.7458708819014306 1.003135850295538 -1.188701665904062 0.9788933537179646 -0.8637985050303301 0.9502528499232692 0.3540987646879718 -0.08409312456442965 0.9452860924021947 0.8590070390474172 0.0007772047670203843 0.1329963295251658 -1.123064084183178 -1.406145913196124 1.453256849145455 0.7862146020066637 -1.401560220393918 0.2517676908202896 -1.044741751898913 0.1032829928669 -0.640899076494386 -1.191221586419096 -1.18748856351201 0.02949392242099165 -1.27942800022344 -1.584420342233846 -0.08584822017358826 1.707722853322171 -0.8053183167373527 0.3917904589975464 -0.7917020672394005 -0.2284731155791889 1.972659459618217 -2.324388279325824 -0.1564565937934067 1.078799904831626 -1.538813525502732 1.121384303432269 -1.125520347106364 -0.9230141718790439 -0.2977612797775127 -0.7868398997684807 0.5624889467459476 -1.197236930567723 -0.3262418650533562 -0.07136049495248876 -0.7266413520630741 1.076456139986985 0.7346371534099929 0.560627884113634 -0.7434185801951514 0.6949218359993256 -0.8389811403949015 -0.5141914178460734 0.8398860290635667 -0.5088571446789691 0.1126464955561599 -0.4065122469002098 -0.06807215979291993 0.4228031964386295 0.2372493644269778 0.5718058945418233 -1.075998885675331 0.4155244783896996 -0.2900510818941603 -0.491568288273628 0.8512566981488681 1.485329163293463 -0.6902667036287778 1.257195671019773 -0.3324813472553313 0.09336819276177204 -1.146017054919448 0.884387049739519 0.4698035705814753 -0.153818246799357 0.1912410075769298 -0.2321117502697232 -0.900438378357213 -0.6368415971953885 1.657180853986538 0.4381481028012405 0.2581352138686001 -0.07040811109894246 -2.080471042419412 0.7112461468918077 0.9350748160039821 -1.047771413591897 -1.556668914878055 0.7143077154655676 -0.05708195698998403 0.8230263320617539 -0.7490790173638607 1.982150074852505 0.06252651053377659
 0.4059145392130269 0.0845547156022057 -0.1895712062694771 0.7804508575995521 -0.04163060346822229 0.4942665837840255 0.6041771804151852 -1.133536372793998 1.666903459487434 1.791431615825103 0.03536788353088833 -0.8483373231613819 0.559104806930742 -0.3284990934185126 1.183808970034279 2.199488075142212 -0.08462647458937096 1.003059665201975 0.4661262866432324 -0.2550981702178792 0.2785950579584112 0.3816568276544654 -1.463128912720262 0.02633994412446105 1.282063342506023 -0.4595150660718969 -0.4734632994099258 1.940542452687883 0.2603215509091127 2.128888854941913 -0.09604917857265288 -0.2819543476750074 -1.3502700112455 0.1746887135253746 -1.134382464983727 0.3450640523828813 -0.2768698433961633 1.037722597154736 1.58129698106743 1.759636416597272 0.2929075240077082 1.088671860693753 -0.934670080072781 -1.220104330389951 -0.4449728368972117 -1.748149951245257 0.5472547826539359 0.1543070793634087 1.238982195806883 1.905226097815471 -0.6172463268691304 0.6492211462233883 -0.8780824681333971 1.060470372202563 -0.6594319715935785 1.007142394521723 0.4882891263876709 1.420373403767776 -0.3700158868429903 -0.5076851099959397 -0.6837468486511314 -0.01969459501534679 1.222378210871242 -0.1947699562173837 -0.9788923507569782 -0.8516246492869433 -1.699743969817423 -0.3575511925829085 0.9417170606654715 0.2303862522165121 -2.040779419890497 0.5769483625399532 -1.736225340828335 -0.6262266434702836 -1.547261281459071 1.523533758420108 -0.1406042474403546 0.2601129273080348 0.519103784493706 0.630376973336259 1.607442820362709 -1.414563908493622 -0.4538703443768726 -0.3195842364415419 -0.566608097850554 0.7095014374449903 0.8818587816899717 -1.79639197262163 1.459851519675644 0.5553055197425465 0.9896563168071164 0.5097269288551829 -0.7999784232589806 0.9622474275374183 -0.8514172514294044 1.638296249710207 1.39784647432317 1.514250947614555 -0.9750302451586824 0.202870733047385
