# Created by Octave 3.8.1, Sun Apr 05 02:01:43 2015 EDT <quamar@quamar>
# name: labels
# type: matrix
# rows: 100
# columns: 1
 2
 6
 1
 6
 1
 3
 3
 4
 8
 9
 10
 9
 10
 10
 4
 7
 8
 1
 8
 2
 6
 10
 5
 3
 10
 4
 1
 6
 1
 8
 8
 6
 4
 6
 1
 3
 4
 7
 9
 6
 4
 5
 3
 4
 5
 3
 2
 9
 5
 6
 5
 2
 8
 6
 8
 5
 3
 2
 6
 1
 5
 2
 6
 3
 8
 8
 5
 5
 1
 8
 1
 3
 8
 6
 9
 8
 1
 7
 7
 2
 1
 2
 6
 9
 10
 9
 5
 9
 5
 3
 7
 6
 10
 5
 10
 3
 7
 4
 4
 6


