# Created by Octave 3.8.1, Sun Apr 05 02:03:51 2015 EDT <quamar@quamar>
# name: theta
# type: matrix
# rows: 80
# columns: 1
 0.003696505169694493
 -0.001938738464170696
 0.0006413292327731712
 0.001954232416253677
 -0.005508848658208772
 -0.001945882644236749
 0.006667988997543958
 0.001032169836778947
 0.004457613028147996
 0.005230669721667642
 0.003686922414382119
 0.002388922732988576
 -0.006739144398921421
 -0.002179089054979193
 -0.003876401639406349
 0.004736518981586995
 -0.004239969469821886
 -0.005122026176834963
 -0.00103942312912677
 0.008608173884517057
 -0.01103811385657206
 -0.004631500065042687
 -0.007820668307574934
 0.003943045204175792
 0.0009838610474611756
 0.0006606389314879516
 -0.007411391390105663
 -3.929951324164949e-05
 0.005848534652155301
 -0.001955839530457242
 -0.004003477115709966
 0.002578461829225546
 -0.003575022552882859
 -0.004227635314367709
 0.002900356869811306
 -0.004278731174469562
 0.0007157768373965956
 0.006600195722747788
 -0.002520382346912179
 -0.008141860278753193
 -0.00482205851966859
 0.000174505570810232
 0.007061885894192136
 0.004554063369017645
 -0.001799134058105581
 0.0008949558530557748
 -0.0005110864023368876
 0.003403547922135863
 0.009593688302654651
 0.004810941824864568
 -0.007240318970519021
 0.001339669322130752
 -0.00108508297052291
 0.00260351650234852
 -0.001985999116561063
 -0.004328096860377216
 0.0001051862302546609
 0.001999313950252869
 0.002218400651921998
 -0.006401609279968599
 0.002822966802587544
 -0.001538473400748563
 0.006740374703849032
 -0.003682276318160757
 -0.001128969282088137
 -0.002536317779658221
 0.004046428724899277
 -0.002614740738131182
 -0.01152045177317432
 -0.001554682044831504
 -0.007081168831732622
 0.002399187140844917
 0.006166816079854209
 0.002099248406729252
 0.003244291149689093
 0.005659127587912685
 0.008781185086671512
 0.002782594587428062
 0.0008266423492083581
 -0.001180690683345024


