# Created by Octave 3.8.1, Sat Apr 04 12:32:12 2015 EDT <quamar@quamar>
# name: theta
# type: matrix
# rows: 17
# columns: 1
 -0.956030923975541
 0.06179407210698784
 -0.3502865457536545
 0.2200315103822734
 0.6178890034952778
 0.4596738368464393
 -0.8827139930862754
 0.01094935946672182
 0.06951934837216611
 -0.2151389087615839
 0.5829614045963358
 0.6614644788134645
 0
 0
 0
 0
 0


